158 5 6 7 11 12 13 15 16 
159 1 5 6 7 8 9 10 15 17 
160 1 5 6 8 10 14 15 
161 2 3 5 7 8 9 10 12 13 14 15 16 17 
162 1 2 5 8 14 15 
163 7 8 13 16 17 
164 2 3 4 5 7 10 11 12 14 15 18 
165 2 5 7 8 10 14 16 
166 3 4 8 11 12 17 18 
167 1 2 3 5 6 9 13 16 18 
168 3 5 7 9 10 12 16 17 
169 1 3 4 9 10 12 13 14 16 18 
170 1 2 7 8 10 11 12 13 14 
171 1 2 3 4 5 6 7 8 9 10 15 16 17 
172 2 4 5 6 10 12 15 18 
173 2 4 6 7 8 10 11 13 14 16 17 
174 2 3 4 5 6 8 11 12 13 15 16 17 
175 2 3 7 8 9 11 13 15 17 18 
176 1 2 4 7 8 10 11 14 16 17 18 
177 1 4 5 7 8 9 10 13 17 18 
178 2 4 5 6 7 9 14 16 17 
179 1 6 7 11 13 14 16 17 
180 4 5 6 9 10 13 15 16 
181 3 4 5 7 8 9 10 12 13 14 18 
182 1 2 5 7 8 11 12 16 18 
183 1 3 5 7 8 10 11 14 15 18 
184 1 6 9 11 14 17 18 
185 2 4 5 6 10 11 15 18 
186 1 4 5 7 8 9 10 11 13 15 18 
187 1 2 3 4 5 8 10 11 15 16 18 
188 1 6 7 11 12 14 16 17 
189 1 4 7 11 13 14 17 18 
190 1 5 8 10 12 
191 2 5 9 10 11 12 18 
192 1 2 3 4 5 13 14 17 
193 3 6 9 10 12 14 15 
194 2 5 7 8 9 10 11 12 13 16 17 18 
195 1 3 4 5 6 7 10 11 12 13 16 17 18 
196 2 3 5 6 7 8 9 11 12 17 
197 1 2 3 4 5 7 11 12 14 16 18 
198 1 3 5 6 8 9 10 11 12 14 18 
199 2 4 7 9 12 13 16 18 
200 3 4 6 7 9 10 11 14 15 17 
201 4 5 6 7 10 11 12 14 15 18 
202 1 4 7 9 11 12 13 15 
203 2 3 6 8 9 13 14 16 17 18 
204 1 2 6 7 9 11 14 
205 1 2 3 10 12 13 14 18 
206 1 3 4 6 7 9 10 11 17 18 
207 2 3 4 6 11 12 15 16 17 18 
208 1 6 7 8 9 11 12 15 17 
209 1 2 3 6 7 8 12 14 16 
210 1 2 3 4 8 16 17 
211 1 4 5 9 14 18 
212 1 2 7 8 11 14 15 16 18 
213 1 2 6 7 9 11 12 
214 2 3 4 6 7 8 9 10 11 16 
215 3 6 7 8 9 12 18 
216 1 3 4 5 8 9 10 13 15 18 
217 1 2 3 7 8 9 10 11 12 13 15 16 18 
218 3 8 13 15 16 
219 2 3 4 5 6 7 8 9 10 11 12 13 14 15 16 17 18 
220 5 11 13 18 
221 1 3 5 9 10 12 13 15 16 
222 1 5 9 10 11 12 18 
223 5 6 11 15 17 18 
224 1 4 5 6 10 11 15 17 
225 1 2 6 7 8 10 11 12 14 16 17 
226 1 3 4 6 8 10 14 15 16 18 
227 1 2 3 4 6 11 13 15 18 
228 2 7 9 10 12 13 15 
229 2 6 7 10 13 17 
230 1 4 5 6 7 9 11 12 14 15 16 
231 2 3 4 6 8 10 15 16 17 
232 1 2 4 5 7 8 16 17 18 
233 1 2 7 8 10 12 15 17 
234 1 3 5 7 11 13 14 15 17 
235 2 3 4 5 6 10 11 14 16 17 18 
236 2 4 7 8 11 16 17 18 
237 2 7 8 9 10 12 13 14 15 
238 3 4 6 7 10 13 14 15 17 18 
239 1 2 4 6 8 10 13 15 16 
240 1 4 6 8 11 14 17 
