Frequent itemsets are-

5 
7 
8 
10 
7 8 
5 6 
5 7 
5 8 
5 9 
5 10 
5 11 
5 12 
5 13 
5 15 
7 9 
7 10 
7 11 
7 13 
7 14 
8 10 
8 11 
10 11 
10 15 
7 12 
7 15 
8 9 
8 12 
8 13 
10 12 
10 13 
10 14 
5 14 
8 14 
8 15 
7 8 9 
7 8 11 
7 8 12 
7 8 10 
7 8 13 
7 8 14 
7 8 15 
5 7 12 
5 7 14 
5 7 15 
5 10 12 
5 10 14 
5 10 15 
7 10 11 
7 10 12 
7 10 13 
7 10 14 
7 10 15 
8 10 12 
8 10 14 
8 10 15 
5 7 8 
5 7 9 
5 7 10 
5 7 11 
5 8 9 
5 8 10 
5 8 14 
5 8 15 
5 10 11 
8 10 11 
8 10 13 
5 7 13 
5 8 11 
5 8 12 
5 8 13 
5 10 13 
7 8 10 11 
7 8 10 12 
7 8 10 13 
7 8 10 14 
7 8 10 15 
5 7 8 9 
5 7 8 10 
5 7 10 12 
5 7 10 15 
5 8 10 15 
5 7 8 11 
5 7 8 12 
5 7 8 13 
5 7 10 11 
5 7 10 13 
5 8 10 11 
5 8 10 12 
5 8 10 13 
5 7 8 10 13 
