650 1 5 7 9 11
240 2 1 2 3 6
977 3 1 6 7 8 13
865 4 2 3 4 6 7 9 13
554 5 3 4 6 10 11 12
805 6 4 8 9
130 7 1 2 4 5 7 10 13
389 8 2 3 4 5 7 9 10
505 9 4 10 11
196 10 1 3 4 8 9 10 13
308 11 2 3 5 7 8 9 10 11
377 12 1 5 8 9 10 12 13
260 13 1 2 4 5 10 11 12
801 14 5 8
175 15 2 9
521 16 3 5 6 7 10 11 12
106 17 2 3 6
57 18 1 5 8 9 10 13
379 19 2 5 6 10
63 20 1 2 4 6 8 11 13
961 21 1 3 12
371 22 1 4 5 7 10
981 23 1 2 3 4 5 9 12
123 24 3 5 6 7 9 10 11 12
945 25 2 3 4 5 7
962 26 1 2 4 5 6 7 9 11 12 13
645 27 2 3 4 8 9 11
294 28 10
51 29 1 13
296 30 1 4 6 8 9 12 13
914 31 2 3 5 7 11 13
654 32 1 9 11 12 13
523 33 1 2 5 8 9 11 13
109 34 3 4 6 13
566 35 3 4 7 10 11 12 13
799 36 1 7 11
505 37 2 6 7 10 12 13
293 38 1 2 3 4 7 9 11 12
797 39 3
221 40 3 10 12
47 41 2 5 7 8 13
326 42 1 6 9 10 13
368 43 5 6 11
257 44 4 6 9 11
560 45 2 4 11 12
879 46 2 5 6 8 13
38 47 4 10
670 48 5
607 49 2 3 5 6 9 10 13
738 50 2 3 6 8 9 10
23 51 1 8 11
934 52 4 6 8 9 10
529 53 1 2 4 11
222 54 3 6 8 10 11
566 55 1 3 4 5 7 8 10 11
64 56 2 4 13
117 57 2 3 4 5 10 11 12 13
770 58 2 4 5 6 7 9 11 13
857 59 9 12 13
61 60 1 2 3 6 8 9 10 12
372 61 1 5
570 62 7 12
327 63 1 4 5 6 10 11 12
918 64 6 7 8 10 11 12
996 65 1 3 5 6 7 8 9 12 13
531 66 2 6 9 13
605 67 2 7 8
298 68 2 4 5 7 8 10 13
292 69 1 2 5 8 9 10
668 70 7 8 11
334 71 1 2 5 6 7 8 10
829 72 1 2 5 7 8 9 10 13
416 73 8
266 74 2 3 4 6 7 9 10 11 12
251 75 1 3 4 5 6 7 8 10 12 13
75 76 2 3 9 10 12
500 77 1 2 3 5 7 10 13
324 78 3 7 8 9 11 12 13
103 79 4 7 10 12
242 80 2 4 5 6 9 10 11 13
325 81 2 3 4 5 8 10
143 82 2 5 7 12
530 83 12 13
731 84 7 13
541 85 3 4 6 9 12
124 86 1 7 9 10 12
76 87 4 7
667 88 2 4 7 8 9 13
549 89 7
581 90 11 12
773 91 1 2 5 13
24 92 3 4 5 7 8 9 11
721 93 2 7 8 9 12
311 94 1 2 4 5 8 9 11 12 13
964 95 1 2 3 5 6 7 11
450 96 1 2 4 6 7 8 11 13
290 97 6 8 11
918 98 5 6 8 9
111 99 1 3 4 6 9 11 12 13
326 100 4 7 11 12
311 101 2 3 4 5 7 13
694 102 2 3 4 5 7 9
894 103 1 2 5 6 8 10 11 13
652 104 4 8 10 11 13
959 105 2 6 8 12
180 106 3 5 10 11 12
76 107 10
59 108 5 9 10
583 109 1 2 3 10 13
727 110 1 5 9 10 11 12
937 111 7 13
384 112 4 7 10 11 12 13
992 113 1 2 3 5 6 9 10
429 114 2 3 5 7 10 11 12 13
581 115 1 5 8 10 11
326 116 1 2 6 9 12
69 117 1
879 118 1 4 5 9 13
194 119 4 5 7 9 10 13
363 120 2 6 9 11 13
42 121 9
32 122 2 4 6 7 8 13
181 123 4 6 8 9 10 11 12
568 124 4 7
649 125 1 2 6 7 10 13
705 126 1 3 6 8 9 10 11 12
853 127 5 7 9 11 13
13 128 3 5 10 12
15 129 1 5 7 8 9 10 11 12 13
479 130 3 4 5 8 9 10 11
950 131 5 6 8 13
914 132 1 13
82 133 1 2 4 9 11
334 134 1 4 6 7 9 10 13
123 135 5 6 11 13
5 136 3 9 11
116 137 2
543 138 2 3 4 6 7 11
731 139 1 2 5 7 8 10 11
904 140 2 5 7 10
305 141 2 4 5 7 11 12
468 142 3 4 10
452 143 7 11 12 13
406 144 4 9
429 145 5 11
986 146 2 4 5 6 8 11
516 147 2 3 7 8 9 10 11 13
899 148 2 3 6
250 149 1 3 5 8 13
573 150 3 6 7
92 151 1 2 3 6 10
690 152 1 4 5 6 7 12
24 153 2 4 5 7 11
693 154 3 6 9 13
216 155 1 4 6 8 9 12
278 156 6 7 11 13
915 157 1 5 8 9 11 12 13
229 158 8
669 159 1 3 4 6 7 8 11
993 160 3 4 5 6 8 10 12 13
64 161 1 3 6 8 9 13
435 162 2 5 6 12
987 163 1 3 6 8 9 10 11 13
950 164 1 3 6 9 10 11 13
174 165 4
96 166 5 8 9 10 11 13
251 167 1 2 11 12
353 168 6 9
657 169 3
490 170 1 2 3 6 8 9 13
680 171 10
974 172 5 9 12
111 173 4 6 9
228 174 6 8
125 175 1 2 4 6 7 9 10 13
480 176 1 2 8 9 10 12 13
194 177 1 2 4 7 9 12 13
689 178 1 6 7 8
288 179 6 9
861 180 3 7 9
233 181 4 5 6 11 12 13
690 182 1 2 5 9
318 183 1 5 9
790 184 2 3 4 5 9 10 12
336 185 1 2 3 6 9 12
443 186 1 3 6 7 9 12 13
267 187 2 3 8 9 10 11 12 13
351 188 4 13
728 189 1 3 4 6 12
580 190 3
998 191 1 2 3 5 6 9 11 13
895 192 2 6 7 8 10 11
143 193 6 8
361 194 1 4 5 6 7 10 13
825 195 1 2 6 8 9 10 12 13
801 196 9
672 197 3 4 8
487 198 3 11
953 199 4 5 6 9 10 12 13
70 200 1 2 4 8 10 12
864 201 1 2 3 4 5 7 9 11 12
796 202 3 4 6 7 11 12
207 203 2 4 5 8 12 13
252 204 2 7 9 10 11 12
98 205 1 3 4 5 6 10 11 13
870 206 2 5 7 8 10 11 13
80 207 1 2 3 7 13
147 208 6 10 12
65 209 1 2 4 5 7 8 10 13
2 210 1 4 6 9 13
761 211 4 5 6 7 9 10
817 212 8 12
655 213 3 4 6 7 8 9 11
969 214 9 13
156 215 1 3 4 11
691 216 2 4 5 6 9 10 11 13
776 217 1 3 4 5 7 12 13
25 218 2 5 7 10 11 12
262 219 4 6 7 8 12
851 220 9
298 221 7 11
21 222 4 5 7 11 13
556 223 1 2 5 6 8 11 12 13
636 224 7
125 225 12
234 226 8 13
389 227 7
141 228 8
782 229 3 8 11
663 230 1 4 7 9 10 11 12 13
599 231 5
639 232 3 9 10 11 12 13
465 233 1 6
919 234 1 3 4 5 11 12 13
72 235 5 6 8 11 13
190 236 1 3 10 11 13
14 237 1 3 6 7 9 13
978 238 2
476 239 1 5 6 10 12 13
744 240 12
652 241 2 6 9
855 242 5 7 8 11 13
761 243 7
263 244 1 4 11 13
882 245 8 9 12
479 246 1 2 3 4 5 9 13
327 247 12
384 248 5 6 7 8 11 12 13
394 249 3 4 5 6 7 8 11
676 250 13
707 251 2
798 252 1 2 4 6 8 9 13
826 253 1 2 3 6 7 9 12
67 254 1 5 7 8 9
679 255 11
670 256 1 3 6 7 8 9 13
644 257 7 10 13
314 258 4 5 6 7 11 12
804 259 10
129 260 1 2 3 4 5 7 11 13
412 261 3 4 8 9 11 12 13
727 262 2 6 8 10 11
44 263 1 6
974 264 2 3 5 6 8 10 12
926 265 1 2 3 4 9 10 11 12
259 266 7
637 267 5 8 9 10 12
4 268 5 6 8 10 11 12 13
923 269 4 8 9
887 270 1 4 9 13
369 271 1 2 3 5 9 10 11 12 13
468 272 3 4 5 8 10 11
226 273 1 3 4 5 7 8 10 12
865 274 4 9 10 13
217 275 7 13
451 276 3 7 8
179 277 5
808 278 1 4 6 7 8 11 12 13
715 279 5 7 9 12
196 280 1 4 6 7 12
563 281 2 3 4 5 9 10 11 13
299 282 5 9 13
934 283 1 4 7 10
306 284 5 6 7 10
615 285 4 6 7
707 286 3 4 6 7 8
892 287 2 3 5 6 8 12
67 288 2 4 5 8 10 13
390 289 1 2 8 12
289 290 10 11 12
540 291 3 4 8
920 292 1 2 3 4 8 11 13
722 293 1 2 3 4 5 6 9 10 12 13
178 294 4 7 8 11
318 295 1 7 9 11 12
547 296 2 3 4 7 8 9 11 12
503 297 5 9 12
904 298 3 4 12
308 299 5 6 12
960 300 1 2 6 8 10 12
457 301 3 7 13
744 302 1 6 7 9 10 11
775 303 3 4 10 11
3 304 1 3 6 9 10
632 305 6
508 306 3 4 6 10 13
903 307 4 5 10
302 308 1 3 5 7 9 10
754 309 1 2 7 9
846 310 10
301 311 2 3 7 8 9 11
703 312 2 6 7 10 11
358 313 1 2 4 5 10 12
122 314 1 4 9 12
499 315 2 3 5 8 10 11 12 13
902 316 2
485 317 3 4 8 9 10
146 318 1 2 7 8 9 10 12
961 319 1 2 10 13
675 320 2 8 13
609 321 3 8 9 11
720 322 3 7 8 10 13
209 323 1 2 3 4 6 7 10 11
317 324 2 8 9 13
41 325 3 6 7 8
747 326 2 3 4 8 9 11 13
302 327 1 2 3 4 5 7 9 12
765 328 3 8 12 13
687 329 2 4 7 9 10 12
536 330 1 6 7 8
460 331 6 8 13
530 332 12
912 333 3 4 5 6 10 11 12
89 334 2 7 8 10 12
281 335 1 3 4 5 6 8 9 10 13
818 336 3 9 10 12
692 337 6 10 13
535 338 5 6 8 11 12
19 339 12
805 340 1 2 6 10 12
684 341 2 3 4 5 6 10 12
877 342 2 4 7 9 10 11 13
939 343 4 5 7 8 10 11 12
257 344 1 4 5 7 9 10 12
789 345 4 6 7 8 11 12 13
540 346 1 8 9
64 347 1 2 4 6 8 9 12 13
956 348 1 2 3 4 6 7 9 10 12 13
153 349 7
186 350 2 5 6 7 12 13
984 351 2 4 11
195 352 1
383 353 9 13
77 354 2 3 5 6 9 10 11 13
132 355 1 2 3 5 9 11 12
453 356 1 2 4 5 9 10 12
437 357 6 8 11 12
889 358 11 12 13
453 359 1 2 5 7 8
36 360 2 5 6
335 361 5 13
121 362 2 3 5 9 10 11 13
943 363 5 7
192 364 1 2 4 6 8 11 13
837 365 7
492 366 2 4 5 6 7 8 10
79 367 1 5 6 8 10 13
874 368 3 4 6 8 9 10 11 13
703 369 8 11
959 370 2 6 7 8 12 13
1 371 3 7 8 9 10 12 13
752 372 1 2 3 8 11
658 373 8 13
542 374 2 8 11 12 13
588 375 1 2 4 5 6 8 11 13
454 376 1 2 3 5 6 10 11 12
609 377 1 6 7 9 11
579 378 3 7 8 11
237 379 1 5 8
71 380 4 6 8 10 12
359 381 7 9 11 12 13
549 382 1 3 6 8 10 11
257 383 1 5 7
248 384 1 2 4 7 9 10
549 385 3 5 7 9 13
100 386 1 6 11 12
879 387 2 3 7 8 9 13
613 388 2 3 7 8 9 11 12 13
6 389 5 8 9 12
870 390 5
717 391 10
541 392 1 2 8 9 10 11 12
910 393 2 9 12 13
353 394 2 4 6 9 10 11 12
841 395 1 3 5 6 7 8 10 11 13
309 396 1 2 6 7 12 13
212 397 7 9 11 12
104 398 1 6 9 11 12 13
932 399 1 5 9
921 400 4 5 6 7 8 11 12 13
788 401 8 9 11 13
474 402 1 4 5 7 9 10 13
577 403 9
915 404 2 7 9 11
810 405 3 4 5 6 7 9 12
556 406 5 6 10
312 407 1 4 6 7 8 12 13
925 408 4 5 9 10 12
794 409 2 10 11 13
54 410 2 4 5 6 8 12 13
444 411 1 2 4 5 8 10 12
900 412 1 2 3 4 9 11
181 413 10
436 414 1 5 6 7 9 10 11 12
300 415 2 4 5 6 8 10 12
563 416 3 4 6 7 8 11 12 13
479 417 5 6 7 9 13
959 418 1 3 5 6 7 9 10 12
17 419 4 6 7 10 13
367 420 1 2 4 5 7 9 10
742 421 4
597 422 8 13
208 423 1 2 4 8 11 12
655 424 3 8 9 10 11 12 13
981 425 1 2 4 7 8 10 12
942 426 4 5 13
434 427 2 4 8
91 428 3 7 9 10 13
574 429 7
695 430 1 2 3 6 12 13
426 431 1 2 3 4 7 8 9 12
128 432 1 3 4 5 6 11 12
39 433 13
267 434 2 7
663 435 3 4 8 9
817 436 2 3 6 10 11 12 13
326 437 2 6 7 9 10 13
738 438 1 2 4 5 9 13
480 439 2 5 6 8 12
246 440 1 3 4 7
769 441 1 2 3 7 8 12 13
252 442 1 4 6 8 9 10
3 443 3 8 9 13
790 444 1 2 4 5 7 8 9 11 12
990 445 3 4 6 7 10
656 446 1 2 7 8 9 12
301 447 2 8 10 13
590 448 1 4 7 9
884 449 10
905 450 1
808 451 1 7 12 13
387 452 4 5 12 13
719 453 1 5 9 11
533 454 1 2 3 7 8 11 13
851 455 10
408 456 2 6 7 9 12 13
509 457 2 3 4 5 12
418 458 6 10 11 13
564 459 7 11 12
831 460 4 6 9 10 11 12
199 461 1 3 5 8
836 462 3 4 13
192 463 2 3 5 9 10 11 12 13
542 464 1 2 4 5 7 8 11 12
233 465 2 5 6 8
864 466 12
93 467 9
150 468 2 4 5 9 10 11 12
67 469 2 8 11 12 13
285 470 3 5 7 8 10 11 13
666 471 1 4 5 12
192 472 7 8 11
28 473 1 4 6 7 9 10 12 13
386 474 2 8 12 13
817 475 9 10 11
562 476 7
816 477 3 6 7 8
57 478 1 2 4 6 7 9 10
143 479 2 3 5 6 11 12 13
637 480 7 8 11 13
38 481 2 3 4 5 6 7 8 9 10
619 482 1 4 6 8 11 13
525 483 4 9
763 484 9
253 485 2 7 8 9 13
126 486 1 2 3 4 5 6 12 13
165 487 2 4 6 7 8 9 12 13
203 488 1 2 5 6 8 9 13
782 489 2 3 6 9 12 13
578 490 1 2 4 6 7 8 10 11
454 491 3
641 492 3 7 9 12 13
639 493 7
835 494 1 4 6 7 8 9 10 13
372 495 1 2 3 4 6 8 9 12
210 496 3 4 6 8 11 13
515 497 6 9 11 13
151 498 2 3 8 10 11 12 13
192 499 1 3 4 6 7 9 10 13
245 500 4 7 10 11
927 501 6
851 502 5 12
448 503 2 6 8
936 504 13
974 505 1 2 3 6 9 10
252 506 3 4 6 7 13
121 507 2 4 5 6 8 12
81 508 2 3 4 5 7 8 11
323 509 5 10
637 510 3 10 11
700 511 1 2 3 9 12
693 512 4 7 8
344 513 2 3 5 7 9 10 13
374 514 4 7 8 9 11
16 515 8 9
945 516 1 3 5 8 10 13
993 517 2 7 10
194 518 1 2 4 6 9 11 13
441 519 1 3 4 5 8 9 11
87 520 6 7 8
708 521 2 3 5 7 8 12 13
229 522 6
727 523 2 7 10 11 13
147 524 1 5 6 7 8 11 13
282 525 5 6 7 8 11 13
499 526 3 12 13
527 527 3 5 6 10 11 12 13
548 528 1 3 5 6 7 12
398 529 3 4 11 13
648 530 6 10
804 531 4 6
564 532 1 4 5 6 8 9 12
993 533 1 3 7 13
202 534 4 6 7 8 10 11
895 535 2 3 5 9 12 13
984 536 1 2 4 7 11 12 13
812 537 2 4 7 8 9
319 538 3 4 6 9 10 13
600 539 1 3 5 7 8 10 11 13
970 540 7 11
279 541 1 2 5 9 10 11 13
498 542 4
860 543 2
99 544 1 2 6 8 9 13
281 545 3 7
570 546 5
952 547 7 8 11
354 548 3 8 12 13
722 549 2 3 5 7
831 550 2 3 4 5 8 11 13
788 551 2 3 6 7 8 10 11 12
31 552 3
893 553 5
314 554 2 4 6
273 555 1 6 9 10
732 556 6 8 11 13
515 557 1 5 8 9 11
964 558 1 6 12
545 559 5
800 560 7
750 561 2 3 4 5 7 8 11 13
747 562 1 4 5 10 11
45 563 3 8 9 10 11 12
939 564 1 2 3 4 5 7 9 13
926 565 1 4 5
954 566 6 12
465 567 1 2 3 5 8 9 10 11 12
443 568 2 5 12
51 569 1 4 7 8 9 11 13
405 570 3 4 6 8 9 12 13
814 571 3 4 5 6 10
994 572 1 2 3 5 10 12
267 573 2 3 5 7 8 9 11 13
703 574 2 6 7 8
668 575 4 6 7 8 10 12 13
862 576 2 6 13
106 577 1 4 8 9 11 12 13
311 578 1 2 9 11 12 13
996 579 3 6 7 8 9 11 12 13
291 580 1
265 581 7 13
827 582 2 3 4 8 9 11 12 13
989 583 1 4 5 7 12
73 584 2 4 9 10 11 13
413 585 1 3 4 5 7 8 11
342 586 3 7 8 10 11 13
874 587 1 3 4 5 6 8 10 11
549 588 1 5 8 10
693 589 2 7 8 12
38 590 3 4 6 12
47 591 8 9 10
558 592 2 7 11
67 593 2 3 10 11
718 594 2 4 5 7 9 10
63 595 9 12
658 596 1 2 4 5 8 9 13
34 597 1 3 5 7 10 11 12 13
442 598 1 2 4 5 9 10
708 599 1 2 4 5 8 9
934 600 2 4 5 6 8 9 11 12 13
459 601 4 12
56 602 1 4 5 8 10
382 603 2 3 7 13
725 604 1 3 6 12
156 605 2 4 5 6 7 9 11 12 13
766 606 1 12
553 607 3 4 5 6 7 8 9 13
306 608 1 2 3 4 5 6 8 10 13
254 609 1 3 4
141 610 1 2 3 6 7 8 13
277 611 1 2 5 7 13
729 612 10
819 613 6 12
676 614 2
27 615 1
11 616 2 4 6 8 9 10 12 13
410 617 1 3 4 5 7 11 12 13
542 618 4 5 6 7 8 10 12
192 619 1 2 3 4 5 6 9 10
960 620 2 3 5 6 13
198 621 1 5 7 8 10 13
236 622 1 2 8 9 10 11 12 13
915 623 8 13
52 624 1 2 5 6 8 12
162 625 4 7 8 12 13
948 626 4 5 7 10 13
220 627 1 2 5 6 7 8 11
872 628 1 3 4 6 7 10 11 13
527 629 4 11 12
745 630 1 2 3 4 6 7 8 9
147 631 1 5 6 7 11
807 632 2 3 6 12 13
946 633 1 2 4 7
916 634 4 7 13
31 635 2 3 4 10 11 12
547 636 2 4 5 7 8 10 13
624 637 11 12
813 638 7
742 639 4 5 6 9 11
975 640 1 2 4 5 8 9
390 641 1 2 4 5 6 7 8 10 13
601 642 5 8 9 11
506 643 1 6 7 9 11 12 13
397 644 1 2 5 6 8 11 13
785 645 6 8 9 10 11 13
986 646 1 2 3 4 7 8 9 11
183 647 2
586 648 1 6 7 8 11 13
268 649 3 5 6 7 10
343 650 3 7 13
948 651 1 5 6 12 13
900 652 6 7
492 653 1 3 6 7 8 10 11 12 13
865 654 1 3 5 6 12
348 655 1 2 3 4 5 7 8 9
475 656 2 7 10
845 657 1 4 8 9 11 12 13
237 658 4 8 12
787 659 2 4 10
470 660 4 6 7 8 9 10 12 13
852 661 1 2 3 4 6 7 8 12 13
462 662 1 3 5 6 8 10 13
113 663 3 4 5 12
680 664 3 6 7 8 9 12
503 665 2 4 5 6 10 11
17 666 1 6 7 8 11 12
797 667 2 4 8 9
498 668 4 5 6 7 8 9 11 12 13
236 669 4 5 7 9 10 13
949 670 2 3 5 12
429 671 2
861 672 1 2 3 5 6 7 10 11 12
209 673 1 4 13
385 674 4
303 675 1 4 6 7 11 12 13
4 676 1 3 4 5 7 9 10 11 12
534 677 4 5 6 7 9 10 12 13
248 678 2 3 5 7 8 10 11 12
804 679 7
861 680 9
537 681 10
31 682 1 2 4 5 6 9 10 12
528 683 4 10 11 13
873 684 1 9
778 685 5 8 9 13
51 686 1 5 8 9 11
41 687 1 2 8
663 688 5 7 9 10 11 12
722 689 1 5 8 9
203 690 5
410 691 2 4 5 6 7 8 10 12 13
801 692 3 10 12 13
62 693 1 6 7 8 10 12 13
767 694 2 13
911 695 3 4 5 7 10 11
332 696 3 4 9
302 697 1 7 8 10 12
224 698 2 3 4 6 10 12 13
818 699 2 8 11
336 700 1 2 3 4 5 6 7 9
422 701 7 8
493 702 3 5 8
649 703 2 4 5 9 10 11 12 13
407 704 2 4
384 705 11 12 13
123 706 6 13
227 707 13
246 708 1 4 5 6 7 10 11 12
813 709 8
987 710 7 10 12
598 711 2 3 5 7 8 10 11 13
91 712 1 2 6 7 8 10 12 13
395 713 3 4 5 6 12
116 714 2 6 10 11
626 715 2 3 5 6 13
502 716 11 12 13
643 717 8 9 10 11 13
275 718 1 4 9 11 12 13
428 719 2 4 9 12 13
895 720 1 9 13
483 721 7 8 11 13
85 722 2 13
159 723 2 3 4 13
130 724 2 4 5 7 8 11 13
536 725 1 2 3 7 8 9 13
702 726 7
387 727 2 3 4 5 6 11
343 728 7 9 12 13
712 729 1 3 8 9 10 12
525 730 1 2 5 7 8 10 11 13
405 731 1 3 4 5 6 11 12
990 732 1 3 6 8 9 10 12
277 733 5 11 13
621 734 3 8
829 735 5 10
255 736 2 3 4 7 8 9 10 11 12
440 737 1 3 8 9 13
966 738 3 4
695 739 4 5 6 7 8 9 13
101 740 4 7 8 9 13
807 741 1 3 9
389 742 2 4 5 6 7 8 9 12 13
643 743 3 4 5 7
249 744 3 4 6 8 10 11 12 13
87 745 1 2 4 6 7 8 9 10 12
629 746 1 2 13
930 747 6
910 748 1 4 5 7 8 9 10 11
919 749 1 4 9
568 750 10
382 751 4 7
841 752 2 7 9 11 13
846 753 2 7 8 11
137 754 3 5 8 11 12
601 755 1 4
521 756 4 5 6 7 8 9 10 13
429 757 2 3 7 11 12
869 758 2 4 5 6 7 8 9 10 12
520 759 2 4 9 11 12
651 760 2 4 5 6 8 10 11 13
324 761 9 10
749 762 2 3 4 5 8 9 10 11 12 13
361 763 3 6 7 9 11 12
253 764 1 2 3 4 7 9 10 13
99 765 2 3 6 9 10 11 12 13
906 766 1 3 4 7 8 9 12
89 767 1 2 3 4 5 6 7 8 11 13
279 768 5 8
271 769 2 3 6 7 8 10 11 12
438 770 1 2 3 6 8 10 12
419 771 1 2 3 6 7 10 11 12 13
659 772 5 7 8 9 10 11
861 773 11
531 774 11
468 775 8 12
946 776 2 3 4 8 10 11 13
249 777 2 4 6
280 778 1 2 3 5 6 8 9 10 13
622 779 1 4 5 6 7 10 12 13
107 780 1 4 10 11
124 781 9
417 782 3 4 5 6 9 10 11 12 13
666 783 1 7 8 13
926 784 4 7 11 12
628 785 1 3 5 11
206 786 9
688 787 2 4 7 8 9 13
836 788 2 4 5 6 10 11 12
460 789 12
573 790 1 2 3 4 6 7 8 10 11 12
232 791 9
682 792 4 6 7 8 12 13
917 793 1 2 3 4 5 7 8 9 13
42 794 2 4 5 6 9 13
907 795 1 4 12 13
228 796 4
27 797 4
450 798 3 8 10 11 13
1 799 2 6 8 12 13
826 800 2 3 4 5 9 10 11
230 801 5
217 802 2 3 5 6 9 10 12 13
311 803 1 2 3 6 13
809 804 1 9
385 805 8 11
461 806 2 11
3 807 7
675 808 2 3 4 7 9 11 12 13
705 809 1 3 4 5 7 12
139 810 1 9 10 13
347 811 7
957 812 8
191 813 2 5 6 8 9 11 13
794 814 2 4 5 9 10 11
416 815 1 2 3 5 6 7 13
95 816 6 8
910 817 2 5 6 8 9
549 818 7 12
512 819 2 9 13
444 820 1 3 4 5 6 9 12 13
121 821 1 2 4 5 6 8 9 13
662 822 4 9
715 823 1 3 4 5 8 10
535 824 1 2 3 5 6 7 8 9 13
394 825 7 9 11 12 13
759 826 1 6 9
206 827 5 11
352 828 8 11 12
705 829 1
713 830 1 5 13
504 831 1 3 7
527 832 2 4 5 8 9
116 833 1 4 6 7 10 11 12 13
788 834 1 4 5 6 7 10 12
365 835 3 8
729 836 7
940 837 1 12 13
155 838 1 7 10 11
836 839 1 2 4 10 12
215 840 1 2 4 5 6 8 10 13
136 841 6 11 12
949 842 1 4 9 10 12 13
989 843 3 4 5 7 8 9 10 11
169 844 2 4 7 8 13
11 845 2 3 4 8 9 11 12 13
802 846 1 2 3 4 5 6 7 9 13
266 847 1 4 6 9 12
110 848 8 9 12
589 849 3 4 9 10
41 850 1 3
33 851 1 4 5 6 8 10 12
210 852 2 8 9 10 11
669 853 5 6 8 12 13
984 854 1 2 7 9 11
546 855 1 2 6 7 8 10 11
36 856 1 2 6 7 8 10 12
630 857 2 4 5 6 7 8 10 11 12 13
696 858 1 7 8 10 12 13
665 859 3 4 6 8 10 11 12 13
37 860 4 5 7 8 9 11 13
584 861 1 2 4 7 8 9
173 862 2 4 6 8 9 10 12
244 863 2
678 864 1 2 4 5 8 10 13
486 865 5 6 10
885 866 2 3 4 5 9 10 11 13
385 867 2 3 7 8 9 11 12
570 868 2 3 6 9 10 11 12 13
82 869 1 3 4 6 7 8 10 12
394 870 1 3 10 13
340 871 12
251 872 2 3 4 5 6 7 12
685 873 2 4 6 11 12 13
142 874 2 3 4 6 8 11 12
644 875 1 7
757 876 1 4 6 8 11 12 13
558 877 1 3 4 6 8 9 10 12
805 878 1 2 5 6 8 13
757 879 4 6 7 11 12
162 880 4 5 6 7 9 11 12
761 881 4 8 9
900 882 1 3
559 883 4 5 6 7 8 9 10
453 884 9
535 885 2 3 5 7 8 9 11 13
14 886 3 4 5 7 8 9 13
417 887 1 3 7 9 11 12 13
988 888 3
348 889 1 3 4 5 6 7 8 9 10
111 890 3 7 8 11 13
402 891 1 6 7 11 12
127 892 2 3 4 5 6 7 8
796 893 2 3 5 6 7 8 9 10 12 13
780 894 2 3 5 6 12
662 895 4 13
762 896 3 8 12
626 897 2 3 6 10 12 13
596 898 4 9
539 899 1 2 5 6 7 10 13
432 900 4 5 7 8 9 11
