939 1 1 2 4 5 6 7 8 12
508 2 12 13
563 3 2 3 4 5 7 10 11
236 4 2 3 4 5 6 7 9 13
681 5 1 2 4 6 9 11 12 13
65 6 4
450 7 3 4 6 7 9 10 12 13
218 8 1 2 3 4 5 6 11
63 9 2 3 4 5 6 8 10 11 12
364 10 1 7 11
306 11 1 3 6 7 9 10 11 13
597 12 1 4 6 8 12
442 13 1 6 9 10
687 14 1 3 6
251 15 3 4 5 7 8 10 12
205 16 3 4 5 6 7 9 10 12 13
648 17 1 3 7 9 11 12
641 18 2 3 4 6 7 8 12 13
608 19 1 2 3 5 6 8 13
968 20 1 5 6 8 10 11
436 21 1 2 7 8 9 10
749 22 2 6 7 10 13
679 23 10
202 24 3 4 13
438 25 3 5 6 7 8 11 12 13
333 26 1 3 4 6 8 10 11
742 27 4 9
370 28 2 3 9 12
544 29 1 3 5 6 7 9 10
104 30 3 5 6 8 11 12 13
599 31 2 3 4 6 7 10 13
292 32 1 2 5 7
748 33 1 4 5 10
586 34 7 10 11
901 35 1 2 4 6 7 10 12 13
654 36 7 9 12 13
236 37 3 4 8 9 10
381 38 1 5 6 10 11
951 39 4 5 11 12
132 40 1 2 3 4 5 8 9 10 13
150 41 1 5 6 8 11
113 42 2 3 5 6 7 10 11
339 43 3 10
523 44 2 3 6 7 8 10 12
40 45 2 3 5 6 7 9 11 12 13
357 46 1 2 3 5 6 7 8 9
444 47 1 8 10
312 48 1 2 5 7 8 11 12 13
446 49 1 2 3 6 7 11 13
238 50 1 13
733 51 1 2 6 8 12 13
456 52 6 7 10 11 13
508 53 3 8
688 54 2 3 6 8 12
803 55 2 4 5 8
490 56 1 2 6 7 8 12
492 57 1 3 4 7 8 9
9 58 1 3 4 5 6 7 9 11 12
782 59 1 2 4 6 7 10 11 12
849 60 1 6 7 10 11 13
228 61 1 3 5 6 9 10 13
188 62 6 8
840 63 4 5 7 8 10 11 12 13
312 64 1 2 7 10 11 12 13
841 65 3 6 7 11 13
20 66 2 3 4 5 7 8 12
397 67 4 13
638 68 1 4 5 9 10
920 69 1 2 4 5 9 10 12 13
269 70 1 3 11 12
439 71 2 3 6 7 11 12
271 72 2 3 4 7
955 73 2 3 4 9 11
769 74 1 5 7
54 75 4 6 10
755 76 1 2 4 6 8 12 13
58 77 2 4 6 7 9 10 11
632 78 4
860 79 1 2 5 6 8 10 11 12
47 80 1 2 3 6 9 13
658 81 1 10 12
146 82 1 3 6 7 8 9 10 12 13
91 83 1 9
143 84 2 5 6 8 10 13
652 85 1 2 4 5 6 11
595 86 3 4 6 9 11
761 87 3 4 7
485 88 2 3 5 6 13
895 89 7
467 90 4 5 6 9 12
959 91 4 5 12 13
987 92 1
505 93 1 3 4 5 8 10 11 12 13
374 94 2 3 5 8 11 12 13
843 95 3 4 5 6 7 11
579 96 1 4 6 7 10 11
590 97 1 2 6 7 10 11 12 13
507 98 1 2 3 4 8 9 10 11
737 99 3
598 100 1 5 9 12 13
852 101 1 2 4 5 6 7 8
226 102 6 7 8 9 10 11 12
551 103 1 3 4 6 7 12
547 104 4 5 6 8 10 13
194 105 2 3 4 5 6 7 8 10 11
683 106 3 5 7 8 9 12
611 107 2 4 5 8 9 10 13
131 108 1 5 7 8 9 12
728 109 1 9 12 13
31 110 1 3 7 9 10 11 13
887 111 1 3 6 7 11 13
791 112 5 8 11 12
268 113 3 7 8 10 11
546 114 4 5 6 9 11 12 13
45 115 2 11 12 13
748 116 1 2 5 7
671 117 9
63 118 12
402 119 1 5 6 8 11 12
496 120 13
303 121 3 4 6 8 9 13
215 122 7
947 123 2 3 5 6 8 9 10 11 12
819 124 2 4 12
453 125 3 6 9 10 12 13
56 126 3 7 8 9 10 11 12
668 127 3 6 8 9 10 12
997 128 1 2 3 5 6 7 9 11
371 129 4 10 12
896 130 1 2 3 4 7 8 9 11 12
530 131 5 7 11
600 132 5 12
454 133 2 3 4 5 7 8 10 12 13
446 134 4 6 10
182 135 13
499 136 1 3 7 8 11 12
31 137 4 9 12
595 138 1 2 3 4 5 7 10
114 139 2 5 6 7 8 9 10 11 12
354 140 3 5 6 13
938 141 2 4 7 8 11 12
107 142 2 5 6 7 11 12 13
177 143 5 12 13
6 144 2 10
328 145 2 3 5 6 7 12
479 146 1 4 5 6 7 8
681 147 3 7 10 12 13
818 148 3 6
713 149 6 8 9 10 12
115 150 3 7
762 151 1 2 3 4 7 8 9 12
504 152 5 7 10 11
192 153 3 5 6 7 11
472 154 2 7 9 10 11 13
378 155 1 5 12 13
689 156 4 8
137 157 2 3 5 8 12 13
742 158 4 5 8 9 10 11 13
307 159 3 4
936 160 2 4 6 7 9 11 13
312 161 1 6 7 9 10 13
321 162 2 10 12
553 163 1 4 5 8 9 10
142 164 6 7
332 165 2 5 6 8 10 13
79 166 3 4 6 11 13
6 167 2 3 4 5 6 7
954 168 5 7 10 11 12
656 169 3 4 8 9 12
955 170 6
844 171 1 5 7 8 9 10 11
176 172 1 2 4 5 10 11 13
378 173 1 3 4 6 7
843 174 2 3 4 8 12
47 175 4 13
494 176 3 9 10
751 177 3 5 7 8 10 11 12
469 178 3 6 8
772 179 4 6 9
516 180 2 4 8 13
329 181 4 5 6 7 8 11 12 13
667 182 6 7 9 10 12 13
862 183 5
253 184 3 4 5 6 7 9 12 13
753 185 1 9
489 186 1 3 4 6
443 187 2 8 11
1 188 3 7 10 11
924 189 1 5 6 10 13
533 190 2 4 10
747 191 1 3 4 7 8 12
802 192 2 3 4 8 13
474 193 5 9 10 11 13
984 194 1 2 3 4 5 6 7 9
814 195 1 3 5 7 8 10 11 12
918 196 1 3 7 11 13
926 197 1 3 4 6 9 10 11
940 198 2 6 9 12
381 199 2 3 4 8 9 10 13
536 200 5
596 201 2 3 4 6 8 12
550 202 3 4 6 9 10 12 13
829 203 1 11
327 204 2 4 7 8 10 12
297 205 8 10 11
95 206 5 13
977 207 1 2 3 4 6 7 10 12 13
275 208 7
412 209 3 5 8 9 11
485 210 2 7 9 11 13
93 211 2 6 7 8
853 212 3 11 13
329 213 12
892 214 1 2 3 4 5 7 10 11 12 13
777 215 9 10 12 13
591 216 1 3 4 8 10 11
600 217 1 2 3 6 8 9 13
268 218 6
700 219 9 11
27 220 1 2 6 11 12 13
607 221 1 2 4 7 9 12
839 222 1 3 5 7 9 11 13
29 223 3 4 6 7 8 9 10 12
298 224 4 6 11 13
313 225 2 4 5 6 8 9 11 12 13
113 226 1 2 6 7 10 12
266 227 5 7 8
986 228 2 8 9 13
717 229 2 5 8 11
636 230 2 3 4 5 6 8 9 12
604 231 1 2 7 8 10 11 13
403 232 2 3 11 12 13
316 233 1 3 6 9
984 234 5 6 8 10
887 235 3 4 5 9 11 12
76 236 4 5
592 237 1 4 5 7 8 11
383 238 1 7 8 9 10 13
828 239 10
507 240 9
3 241 7 8 12
623 242 3 4 7 13
280 243 2 3 4 6 7 11 12
799 244 3 5 11 12
781 245 3 7 11
71 246 1 3 6
393 247 6 9 11 13
720 248 1 6 12 13
802 249 1 3 4 8 11 12 13
857 250 2 3 4 5 6 7 8 9 11 12 13
833 251 1 5 7 9 12
197 252 4 5 8 10
925 253 8
999 254 2 4 5 10 11
240 255 1 3 5 7 8 9
489 256 4 5 8 9 10 11 12 13
459 257 1 2 3 6 8 10 11 12 13
424 258 1 2 6 9
314 259 7
170 260 1 3 6 13
618 261 1 3 8 10 11 12 13
107 262 2 6 7 9 11 12 13
793 263 1 3 10 12
522 264 1 3 4 5 9 11 12
672 265 1 3 4 5 7 8 13
525 266 1 3 7 8 11 13
800 267 1 7 12
473 268 2
328 269 2 7 8 9 10 12
36 270 1 2 3 4 5 6 7 10 11 12 13
223 271 1 4 5 7 8 9 12
817 272 9 10 13
607 273 5 13
971 274 1 2 3 4 5 11
605 275 1 2 3 4 7 8 13
363 276 3 6 9 10 11 13
44 277 5 6 7 9 10 11 13
621 278 1 2 3 4 6 7 10 11 13
472 279 1 4 5 6 8 9 10 11 13
558 280 1 5 9 11 12 13
289 281 1 3 4 5 6 8 10 12
319 282 2 6 8 9 10 11 13
464 283 2 3 4 5 6 12 13
527 284 1 2 5 7 10 11 12 13
645 285 1 2 3 7 8 9 10 13
947 286 4 7 11
917 287 1 2 3 4 11 12 13
664 288 9
892 289 4 8 10 12 13
204 290 2 8 10 11
445 291 3 6 9 10 11
313 292 3 7 10 12 13
22 293 2
267 294 1 4 7 9 10 12
405 295 4 5 10 11
786 296 3 4 6 8 11 12
494 297 2 4 5 7 8 11 12 13
891 298 1 2 5 6 7 8 9 10 11 13
290 299 1 4 9 12 13
375 300 3 5 9
899 301 1 3 5 6 7 12 13
244 302 1 4 5 6 7 9 11 12
195 303 1 2 3 9 12 13
34 304 1 3 4 5 6 7 9 11 13
200 305 5 7 8 12 13
2 306 1 2 3 4 11
704 307 2 11 13
248 308 3 4 8
344 309 2 3 4 6 8 11 13
836 310 13
205 311 2 4 5 11 12
816 312 4 5 7 9 10 11 12
88 313 5 8 9 10 11 13
4 314 6 8
159 315 2 5 8 9 10 11 12
847 316 3
104 317 1 5 8 9 10 11 12
738 318 2 3 12 13
228 319 12
850 320 1 2 5 6 10 12 13
988 321 2
228 322 1 4 5 6 7 8 11 13
531 323 5 12
416 324 1 3 4 5 6 7 8 10 13
843 325 3 4 5 11 13
733 326 4 5 7 8 10 11
349 327 2 11
130 328 3 8 9 12 13
747 329 1 6 9 12 13
958 330 2 8 9 11 13
365 331 1 5 7 9 10 13
289 332 1 4 5 6 7 10 12
985 333 1 3 11 12 13
638 334 1 5 6 7 8 11
126 335 10
634 336 1 4 7 8 9 10 11 12
105 337 2 5 7 9 10 11 12
449 338 2
101 339 2 7 8 9
418 340 3 6 7 9 11 12
606 341 3
626 342 3 11 13
507 343 2 3 4 6 7 9 10 11
130 344 3 4 6 7 10 11
285 345 2 13
492 346 1 2 3 4 11
453 347 5 6 8 10 11 12
162 348 4 6 7 8 9 10 11
115 349 3 4 8
184 350 1 3 4 5 6 9 11
949 351 9 10
566 352 1
441 353 1 3 4 5 6 7 9 11 12
861 354 1 2 4 5 10 11 12
249 355 7 12
690 356 1 2 3 5 8 9 10 11
569 357 1 2 5 9
523 358 1 2 3 5 8 9 10 12
679 359 1 4 5 11
888 360 3 4 10 11 12
808 361 3 5
635 362 1 4 5 6 12
660 363 6 11 12
48 364 1 2 3 4 5 7 10 12 13
854 365 1 3 4 6 8 9 10 11 12
786 366 3 4 5 6 9 13
809 367 1 4 5 7 8 10 11
299 368 1 5 6 7 10 11
249 369 5 6 11
401 370 1 3 5 6 7 9 10
652 371 1 6 9 12
31 372 11 13
411 373 1 2 4 8 10 11 12 13
615 374 2 3 4 7 8 11 13
375 375 1 2 4 5 7 8 10 11
219 376 3 7 8 13
27 377 1 2 5 6 7 8 9 10
852 378 1 5 6 7 10 11 12 13
234 379 1 2 5
412 380 3 10 12
440 381 1 2 3 7 8 11 12 13
589 382 4 8
21 383 1 2 3 4 7 8 9 10 12
470 384 10
154 385 3 6
339 386 2 4 5 7 8 10 11
32 387 2 9 13
665 388 1 4 10
120 389 1 2 4 5 6 7 9 10 11 12
687 390 7 8 9
370 391 1 3 7 9 11 12 13
24 392 2 3 4 5 7 8 9 13
878 393 3 5 7 8 11
717 394 1 4 5 6 8 9 12
470 395 1 3 6 8 12
533 396 7 8 12
255 397 1 4 6 7 10 11 12 13
628 398 1 3 6 7 8 10 11 13
27 399 2 3 4 5 6 9 10 11
422 400 1 2 3 4 5 8 9 10 12
641 401 3 8 13
60 402 2 4 8 9 11 12
471 403 3 5 6 10 13
866 404 1 2 3 6 7 8 9 12
666 405 2 3 4 5 8 9 11 12
1000 406 1 2 3 4 5 6 7 9 10 12
975 407 1 3 12
612 408 1 4 5 10 11
160 409 1 3 5 6 7 9 10 13
711 410 2 6 8 11 12 13
410 411 2 4 5 6 7 8
240 412 1 5 7 8 11 12 13
68 413 2 5 6 11 13
680 414 2 3 4 9 13
679 415 2
130 416 1 3 6
854 417 4 6 9
215 418 4
659 419 1 8 13
468 420 3 8 10 12
433 421 1 2 5 7 8 10 12
455 422 3 4 5 6 7 9 10 12
90 423 2 5 6 7 8 9 10
657 424 1 4 5 6 8 9
786 425 1 2 4 5 10 11 12
621 426 1 4 6 7 9 11 12 13
769 427 1 7 8
598 428 1 2 4 10 11
787 429 1 5 8 10 11 12
775 430 3 5 9 11 12
448 431 1 4 5 8
10 432 4 11
547 433 2 8 13
298 434 4 5 7 12 13
962 435 1 3 4 5 12
295 436 3 4 6 7 10 13
648 437 4 5 8 10 11
679 438 2 3 4 5 7 9 10 12
209 439 2 6 11
828 440 1 5 6 7 8 9 10
835 441 10 12
937 442 1 4 5 6 7 11 13
497 443 8 9 12
727 444 5 11
884 445 5 6 7 9
557 446 2 3 5 8 9 10 13
512 447 3 6
966 448 4 8 10 11 12
717 449 2 6 10 11 13
435 450 7 8 13
510 451 1 2 4 5 7 9 11
759 452 2 3 6 8 9 10 12
981 453 1 2 4 7 8 10 11
358 454 3 11 12
19 455 2 4 5 7 10
992 456 2 6 7 9 12 13
619 457 2 3 4 5 6 7 9
190 458 1 3 4
332 459 1 3
851 460 4 6 7 10 12 13
427 461 2 6 7 9 10 11 13
844 462 4 5 7 9 10
756 463 2 3 6 8 12 13
734 464 2 9 10
951 465 1 3 4 6 10 12
872 466 1 7 9 11 12
138 467 1 2 3 5 11 13
647 468 1 3 6 7 9 10 11
352 469 2 6 10 12 13
870 470 1 4 6 7 8 10
882 471 1 4 5 10
474 472 1 2 3 8 13
32 473 1 4 5 6 7 12
494 474 4 8 10 11 12
566 475 1 2 4 5 6 7 9 10 12
528 476 1 2 5 7 10 12 13
77 477 3 4 5 9 10
284 478 7 9 13
505 479 2 5 6 8 9 12
336 480 1 2 3 7 8 13
675 481 6 10 13
906 482 1 6 7 8 9
984 483 2 11
412 484 2 4 7 8 9 10 11 13
972 485 1 5
511 486 2 3 4 6 7 8 10 12 13
638 487 5 6 9 12 13
253 488 1 4 7 8 9 10 11 12 13
696 489 10 13
151 490 2 5 6 7 9 10 13
899 491 3 4 8 10 13
325 492 1 3 4 6 8 12
324 493 7 8 13
437 494 12
775 495 11
251 496 11
539 497 1 3 6 11
812 498 2 6 7 8 10 12
870 499 7
59 500 1 2 4 5 8 11 12
521 501 1 3 4 9 12 13
462 502 1 4 11 12 13
314 503 3 6 7 8 9 10
627 504 4 11 13
537 505 4 5
288 506 12
223 507 1 3 9 13
63 508 6 7 10 11
886 509 2 3 5 6 7 9 10 12 13
995 510 2 3 5 7 8 9 12
317 511 12 13
972 512 1 9 11
939 513 2 3 8 10
711 514 13
758 515 1 4 5 7 8 10 11
296 516 7 8 10
942 517 7 9 11
558 518 1 5 9 11
713 519 2 3 7 12
168 520 2 3 5 10 13
518 521 1 2 4 5 8 9 12
239 522 2 3 4 5 6 12
842 523 9
554 524 2 3 4 5 6 9 11 12 13
269 525 2 4 6 8 9 12 13
766 526 3 13
641 527 2 6 7 8
640 528 1 2 3 7 8 10 12 13
128 529 8
396 530 1 4 11 12
354 531 3 7 9 13
455 532 1 5 12
377 533 5 6
687 534 11
943 535 1 2 7 8 13
723 536 7 11 12
574 537 6
824 538 1 2 3 5 6 8 9 11 13
49 539 4 7 8 9 12 13
114 540 7 9 12
928 541 4 7 13
957 542 4 5 6 7 11 13
370 543 2 3 4 11 13
826 544 1 3 5 6 7 8 9 12
213 545 2 6 7 10 11
984 546 1 2 5 7 8 9 10 13
95 547 1 2 3 7 8 10 12 13
59 548 1 2 12
879 549 1 2 3 8 9 10 11
470 550 2 3 4 5 8 13
795 551 1 2 4 6 7
818 552 4 5 6 7
588 553 5 7 8
336 554 7
501 555 3 7 12 13
263 556 3 9
708 557 2 3 4 7 12
426 558 1 2 3 5 11
316 559 3 4 5 6 7 9 11 12 13
6 560 2 4 5 7 9 13
952 561 1 2 3 8 11 13
202 562 5 8 10
205 563 1 3 6 8 9 10 12 13
143 564 1 6 8 12 13
814 565 3 8 13
33 566 3 13
262 567 1 3 7 8 9 13
823 568 2 5 8 9 10 12
885 569 3 4 5
289 570 1 2 3 6 8 10 11
597 571 2
989 572 1 3 4 6 8 12
884 573 2 4 5 6 7 10 11
729 574 1 3 5 8 10 12
655 575 8 10 11
100 576 2 3 4 5 6 8 10
569 577 3 4 5 6 8
645 578 2 5 6 8 9 13
430 579 1 4 8 9 10 11
95 580 1 2 5 8 9 13
41 581 1 2 8 10 11 13
365 582 1 2 4 5 8 9 10 11 12 13
265 583 4 5 6 8 13
274 584 1 4 5 8 12
530 585 7
509 586 1 11
199 587 2 5 6 8 11 13
305 588 3 4 6 8 13
898 589 1 2 4 5 8 10 12 13
924 590 4 7 10
315 591 1 2 3 7 9 12
20 592 11
685 593 2 3 5 13
138 594 2 4 5 6 7 8 9
533 595 5 11
742 596 1 2 3 5 6 10 11 13
613 597 3 4 5 7
503 598 3 6 7 8 9 11 13
917 599 2 6 7
462 600 5 10
80 601 1 2 3 4 7 8 9 10
929 602 2 3 8
858 603 3 5
989 604 2 3 5 10 12
327 605 1 2 3 4 5 10 12
60 606 11 12 13
623 607 1 2 3 5 6 7 9 10 12
951 608 1 2 3 4 5 8 9 10 11 13
576 609 1 5 7 8 10 12 13
152 610 4 5 6 7 8 10 11
560 611 4 8 11 12 13
96 612 1 2 3 4 9 11 12 13
158 613 8 11 13
355 614 1 11
628 615 4 5 7 8 9 10
162 616 3 4 6 7 9 11
660 617 7 8 9 11
716 618 3 4 6 7 8 9 11 12
449 619 1 3 4 6 7 10 12
564 620 1 3 7 9 10 11 12 13
733 621 3 5 6 8 9 13
631 622 6 8 10
426 623 7 9
808 624 3 5 6 7 11 13
480 625 1 3 13
87 626 3 4 7 10
531 627 7
667 628 6 13
741 629 3 4 12
252 630 1 5 8 9 10 11 12 13
606 631 5 13
157 632 1 4
767 633 2 3 5 10 11
408 634 2 6 9 10 11 12 13
351 635 9
700 636 1 3 4 7 8 10 11 12
742 637 3 11 13
425 638 4 5 6 7 11
459 639 2 3 5 7 8 10 11 12
327 640 1 4 8 13
728 641 6 7 10
823 642 3 5 6 8 11 13
315 643 1 2 3 5 10 11 12
926 644 2 4 11 13
411 645 2 4 5 6 10 11 12
591 646 3 5 6 10 11
815 647 1 5 6 7 9 11 12
662 648 1 2 8 10 13
303 649 1 3 5 6 7 9 11
31 650 1 3 4 5 6 8 9 10 12 13
625 651 1 2 5 6 7 8 10 13
645 652 2 3 11 13
61 653 2 3 7 11
747 654 2 6 7 11
245 655 3 4 8 9 10 12 13
536 656 2 5 7 11 12
646 657 4 6 7
919 658 1 3 5 8 9 10 12 13
915 659 1 3 7 8 10 13
871 660 1 2 3 7 8 10 11 12 13
482 661 1 3 4 9 13
334 662 3 5 6 8 9 10 13
225 663 1 12
34 664 6 9 12
883 665 6 10 13
31 666 4 5 6 7 9 11
939 667 1 3 6 9 10 11 13
349 668 8 9 13
556 669 5 6 7
422 670 2 4 5 6 7 8 11 13
704 671 1 2 8 9 10 12
243 672 1 2 6 9 11 13
338 673 1 2 3 7 8 9 12
678 674 3 5 6 7 8 9 11 13
537 675 1 2 7 10 11
576 676 2 3
978 677 3 6 10
979 678 1 2 7 8 10 11
948 679 4 6 7 8 9 13
402 680 2 5 6 11
753 681 1 2 4 5 6 7 9 11
276 682 7 8 9 10 12 13
290 683 2 4 9
759 684 1 4 5 6 7 10 13
221 685 1 5 6 9 10
318 686 1 4 13
799 687 2 3 4 5 6 8
158 688 3 7
599 689 2 3 5 8
855 690 5 7 8 10 12 13
829 691 1 2 5 8 9 11 12 13
155 692 2 5 6 12
2 693 1 3 4 11
420 694 1
937 695 1 2 11 12
90 696 5 9 12 13
635 697 3 10 11
108 698 6
153 699 2 6 8 9 11 13
112 700 1 6 9
