5 1 3 11 12 13 14 15
182 2 2 3 5 6 12 13 16
904 3 3 4 6 12
643 4 3 7 8 10 11 17
98 5 2 3 5 6 7 8 13 16 17
3 6 1 2 3 5 9 14
488 7 4 8 12 13
364 8 2 4 11 12 15 16
688 9 2 5 7 8 9 12 15 17
236 10 1 2 4 7 8 9 12 13 14 15 16 17
560 11 2 8 11
390 12 1 3 4 5 6 7 11 12 13 17
791 13 7 8 9 13
672 14 6 8 9 10 16
971 15 4 5 10 13 16
282 16 7 11 15 16
419 17 1 2 3 4 7 9 11 14 16
962 18 1 2 4 6 11 12 15
282 19 1 2 5 6 9 10 11 12 14 16
378 20 2 3 4 5 7 10 12 13 14 15 16 17
640 21 2 6 8 9 10 11 12 14 15 16
122 22 1 4 9 13 15
390 23 1 2 6 8 9 10 13 14 15 16
301 24 1 3 9 13 14 17
783 25 4 8 10 13 17
292 26 1 3 7 8 10 12 13 14 17
581 27 1 9 11
568 28 4 6 10 13 16
421 29 2 3 4 5 7 9 10 11 13 14 16 17
625 30 2 4 5 8 11 12 13 14 17
656 31 1 2 3 4 9 10 11 12 13 15 16
809 32 11 13 14 16
346 33 3 4 11 15
895 34 1 4 5 9 11 12 14 15 16 17
651 35 1 2 4 6 13 17
341 36 1 2 4 8 10 13 15 16
406 37 1 3 4 5 6 7 9 10 13 15
845 38 2 6 8 10 11 12 13 14 15 16
362 39 2 3 5 6 7 8 10 12 13 15 16 17
475 40 1 2 3 4 7 8 9 10 13 16
758 41 10
652 42 2 4 5 6 8 14 15
239 43 2 5 7 8 10 13 15 16
378 44 5 6 7 8 10 11 12 13 15 16
742 45 1 4 9 10 11 15 17
251 46 4 15 16
547 47 2 5 6 9 10 11 14 15 16 17
768 48 1 2 3 4 6
528 49 1 4 6 7 11 14 15
42 50 4 6 7 8 9 13 16 17
341 51 1 4 6 8 9 11 12 13 14 15
707 52 4 5 10 11 13
387 53 3 4 6 7 8 9 11 12 14 15 17
722 54 7 9 14
820 55 5 8
197 56 1 2 4 7 8 9 11 12 13 14 16
768 57 8 9 12 13 14 15
319 58 1 3 8 10 11 13 14 15
98 59 2 3 6 9 10 12 14 15 16
306 60 1 3 9 10 11 12 13 14
915 61 3 4 8 13 15
523 62 2 3 6 7 8 13 16
969 63 3 5 8 9 10 12 17
537 64 2 3 5 10 16 17
78 65 6
332 66 2 10 15 16
31 67 5 6 9 10 11 14 15
301 68 3 4 5 6 7 8 9 10 13
118 69 16
539 70 2 3 6 8 10 13 15
918 71 1 3 6 8 16
203 72 4 5 6 7 10 11 14 15 16 17
180 73 1 2 3 4 5 6 9 11 13 14
238 74 4 17
201 75 1 8 13 14 15
336 76 4 5 8 11 13 17
686 77 2 7
784 78 3 4 9 11 14 15 17
225 79 2 8 14 15 16 17
1 80 1 2 5 6 7 11 14
287 81 1 3 7 10 12 13 14
784 82 3 5 7 8 9 10 11 12 13 16
980 83 4 5 10 11 13 14 15 17
140 84 1 2 3 5 6 7 10 11 12 13 15 16 17
677 85 7 14 15 17
957 86 1 6 8 9 10 13 14 17
460 87 3 6 9 13 14 16
721 88 1 3 5 7 9 10 12 14 15 16
677 89 14
303 90 1 6 7 9 13 14 15
812 91 4 6 7 8 10 12 13 14 15 16
779 92 15
944 93 1 3 4 6 7 8 12 13 14 15 17
792 94 2 3 4 5 9 10 11 12 17
879 95 1 2 4 5 8 11 12 13 14
455 96 3 4 5 7 11 14 15 16 17
344 97 3 6 7 9 11 12 13 17
629 98 5 7 9
917 99 4 5 8 9 11 15
202 100 4 6 8 9 15
693 101 2 5 9 12 14 15
335 102 3 4 6 7 9 10 11 14
121 103 2 3 4 7 8 10
572 104 3 4 7 8 11 12 14 15 17
547 105 2 3 5 14 15 16
306 106 1 4 6 7 8 9 11 12 13 14 15
762 107 1 3 4 5 7 8 9 10 12 17
888 108 2 7 10 16
510 109 1 3 4 5 6 7 9 10 12 13
958 110 1 2 5 8 10 11 14 16 17
407 111 1 9 10 11 12 15 17
13 112 1 2 3 7 9 10 11 14 15 16 17
367 113 2 4 6 8 10 12 13
458 114 1 2 3 4 11 15 17
425 115 2 3 10 13 15
565 116 1 8 13 15
242 117 2 3 5 7 8 9 10 13 15
555 118 5 7 14 17
438 119 2 3 4 8 10 12 14 15 16 17
810 120 3 5 6 8 11 12 14 16 17
711 121 2 11 15
841 122 1 6 15
955 123 1 3 5 6 7 9 11 12 13 14
324 124 17
94 125 1 2 3 5 8 10 11 12 14 15
714 126 2 6 7 8 10 12 16 17
882 127 6 10 12 13 16 17
835 128 1 4 9 11 17
982 129 2 3 4 5 7 9 11 12 13 15 16 17
57 130 3 5 6 7 17
681 131 1 4 6 7 8 10 14 16 17
839 132 1 2 4 5 6 7 9 10 11 15
992 133 2 3 4 5 12 14 15 17
601 134 4 7 9 10 15
453 135 1 2 4 5 7 10 15 17
588 136 1 3 7 8 10 17
210 137 1 6 8 9 13 14
882 138 2 3 4 5 7 8 10 12 13 15 16
436 139 3 7 9 10
202 140 1 11 14 17
700 141 10 11 13 14 15
882 142 1 3 5 8 9 10 12 13 14 15 16
573 143 2 3 4 5 6 7 8 9 14 17
825 144 2 3 4 6 8 10 12 13 14 15
429 145 1 9 12 13 14 15
154 146 2 7 9 12 16
374 147 3 7 9 11 12 15 17
873 148 4 8 11 13 14 15 16 17
680 149 5 11
473 150 4 5 6 7 9 10 13 15 16 17
196 151 2 3 5 7 8 9 11 12 13 14
267 152 3 5 7 9 13 14 15 16
699 153 1 3 5 6 7 8 11 16 17
319 154 1 3 4 6 10 14 15
649 155 1 2 5 8 9 10 14 17
865 156 5
939 157 7 13 14 16
80 158 4 7
246 159 3 12 14
654 160 1 2 4 9 11 15
104 161 4 5 6 13 14
685 162 6 12
669 163 1 2 4 5 6 7 9 10 12 13 15
452 164 1 10
661 165 6 8
327 166 4 5 8 9 13 17
528 167 1 14
794 168 4 8 15
753 169 2 4 7 8 11
254 170 1 3 7 8 9 10 13 16 17
487 171 1 3 4 5 7 9 12 13 15 16 17
628 172 3 6 7 8 9 11 13 15
108 173 3 7 8 9 10 12 13 15
563 174 2 4 5 6 9 10 11 12 13
795 175 1 7 9 14 16
79 176 4 8 11 13 14 15
770 177 2 8
159 178 2 6
947 179 1 4 5 6 7 8 11 14 17
709 180 1 2 3 4 7 12 14 15 16
546 181 1 5 7 8 9 10 11 12 13 14 15 16 17
732 182 2 4 8 11 13
55 183 4 6 7 16
340 184 2 3 4 11 12 13 15
672 185 1 2 4 7 8 9 11 12 14 15 16 17
741 186 1 2 3 9 10 17
851 187 1 3 4 6 8 9 10 11 12 13 16
389 188 4 5 10 14 16
137 189 3
80 190 2 4 8 9 16
292 191 2 6 11 13 16
273 192 10
921 193 11 12 15 16
670 194 3 6 7 8 12 13 14 15 16 17
382 195 5 9 14
643 196 2 10 11 12
287 197 1 3 5 6 8 10 11 13 17
420 198 2 3 4 6 7 8 9 10 14 16 17
154 199 3 5 6 7 9 17
419 200 6 8 12 15 16
816 201 1 4 6 15
873 202 2 3 5 6 8 9 10 11 13 17
115 203 1 2 3 4 8 10 13 14
941 204 3 4 6 12 13 14
109 205 4 15
22 206 3 7 9 11 12 14 15 16
628 207 7
128 208 5 8 9 17
192 209 1 3 4 5 11 14 16 17
215 210 8 12 17
373 211 5 6 7 8 10 11 13 14 15 17
475 212 2 3 10 11 15 16 17
640 213 2 3 6 7 8 9 13 14 15 17
702 214 9 11 16 17
815 215 2 6 7 8 9 10 11 12 15 16
127 216 1 3 4 5 6 12 13 15 17
444 217 3 6 11 13 14
810 218 1 2 3 5 6 10 13 14 15 16
574 219 2 3 6
381 220 6 14 15
219 221 1 2 5 6 7 8 9 10 11 13 16
754 222 1 4 6 7 8 14 15 17
807 223 1 2 4 7 8 10 11 14 15 16 17
327 224 1 7 10 11 13 15
694 225 1 2 4 11 12 13 16 17
403 226 1 3 6 8 9 12 16
168 227 2 3 5 6 9 12 14 17
674 228 1 2 4 11
550 229 6
765 230 5 10 17
5 231 3 13 14
871 232 2 3 4 5 9 10 11 13 14 16 17
646 233 3 4 8 13 14 15 17
429 234 7 9
976 235 7 8 16
398 236 3 7 10 12 13 16
291 237 4
42 238 1 4 5 7 13 14 15 16
577 239 4 7 11
119 240 1 5 6 8 10 11 12 13 15 17
244 241 5 17
955 242 10 14 17
160 243 2 3 8 13 14
693 244 1 2 3 5 9 10 12 13 14 15 16
917 245 1 2 3 5 12 14 17
14 246 3 7 11 13 15 17
462 247 2 4 5 6 7 11 13 15 16 17
634 248 5 9 11 12 14 16 17
132 249 4 5 6 8 9
110 250 4 10 11 12 17
629 251 2 9 10 15 16
854 252 6 14 15
10 253 1 3 4 5 6 10 15 16
816 254 1 3 4 5 6 8 9 12 13 14 16
507 255 1 2 3 5 6 7 8 11 14 15
680 256 1 6 12 17
441 257 3 12 15 16 17
35 258 8 9 10 12 16
544 259 1 3 4 6 7 8 11
68 260 4
482 261 1 2 3 7 8 10 15
914 262 1 3 4 8 9 10 11 12 16 17
409 263 1 3 5 6 7 10 11 14 17
75 264 3 5 6 7 8 11 13 14 15 16
321 265 1 6 7 8 12 13 16
869 266 12 16
342 267 4 7 8 11 12 13 14 16
512 268 3 7 8 9 10 11 12 13 14 16
18 269 2 4 8 9 10 13 14 15 17
255 270 1 2 3 5 7 8 9 12 14 17
514 271 12
482 272 2 5 6 8 9 11 12 15 16 17
693 273 1 2 12 16
469 274 3 4 5 7 10 13 16
101 275 2 4 6 9 10 12 14 15 16 17
61 276 2 4 8 10 11 14 15
187 277 3 6 7 10 11 12 13 15 16 17
699 278 3 4 6 7 8 11 12 13 15 16 17
238 279 1 6 9 10 11 15 16
541 280 1 6 8 10 12 17
214 281 3 7 9 11 13 17
43 282 1 4 5 6 7 8 10 12 13 15 17
231 283 4 8 9 10 13 14 16
683 284 9
993 285 4 17
483 286 1 3 5 6 7 10 12 13 14 15 17
1 287 1 6 9 10 12 13 16
592 288 5 11
874 289 1 5 8
676 290 3 4 7 8 11 16
7 291 1 4 11 13 14 15 17
582 292 1 4 5 9 10 12 13 14 16
787 293 1 2 3 6 8 9 11 13 15 17
595 294 1
931 295 9
628 296 1 3 4 9 12 15
706 297 1 2 3 6 8 13 15 17
279 298 3 5 9 10 17
750 299 1
300 300 2 4 6 8 9 13 16
53 301 3 5 6 7 8 9 11 12 13 14 15 16
296 302 2 3 6 9 13 17
411 303 1 2 3 4 10 11 13 14 15 17
394 304 4 5 6 8 10 11 13 16
454 305 3 6 8 10 11 14 15 17
338 306 3 6
527 307 2 3 4 5 7 10 11 12 13 14 16 17
730 308 1 3 4 6 7 9 10 11 12 16
556 309 3 5 7 14 17
430 310 10
169 311 2 5 6 7 10 12 13 15 16
783 312 8 11
73 313 3 4 9 11 13 14 15
9 314 1 3 4 7 8 9 10 11 14 16
54 315 1 3 4 6 9 10 12 14 17
669 316 3 7 8 12 14
3 317 1 2 4 5 6 9 10 13 15 16 17
63 318 2 8 9 10 11 12 13 14 15 16 17
334 319 1 4 5 6 7 11 12 13 14 16 17
362 320 2 9 11 13 14 16 17
493 321 1 2 11 16
623 322 1 2 13
693 323 6 11
40 324 1 2 4 5 7 9 11 12 14 15 17
275 325 1 3 4 7 9 10
368 326 1 2 3 5 9 10 13 14 16
190 327 1 2 4 13 16
456 328 3 4 11 12 14 15 16 17
99 329 1 2 3 11 12 13 16
273 330 2 3 4 5 7 9 10 14 15 16 17
636 331 12 14 15 16
737 332 2 3 6 9 11 13
177 333 3 4 6 7 8 13 14 16 17
131 334 1 2 3 5 8 9 11 16 17
831 335 6 8 9 10 11 13 14 16
162 336 3 6 7 9 10 12 13 15 17
236 337 2 4 7 12 16
17 338 6
623 339 2 4 6 7 9 11 12 14 15
904 340 1 3 6 9 10 12 15
754 341 7 9 16
545 342 3 6 11 15
419 343 4 5 7 8 9 11 12 17
159 344 1 2 4 8 9 12 16 17
269 345 2 5 8 10 11 13 15
110 346 6 17
923 347 1 5 6 7 8 12
314 348 2 6 12
338 349 5
402 350 1 3 5 6 7 11 12 14 15 16
604 351 3 7 10 11 12 13 14 15 16
824 352 1 2 5 6 7 9 10 11 12 13 14 16 17
726 353 5 6 7 8 10 12 15 16
528 354 1 2 3 5 6 8 13 16 17
384 355 3 6 7 12 14 15 16 17
596 356 4 5 6 7 10 14 17
522 357 2 4 6 9 13 16
48 358 3 5 6 9 10 12 13 15
750 359 1 3 6 9 10 11 13 15
267 360 2 4 6 7 8 10 13 14 15
42 361 1 2 3 7 8 9 11 14 17
617 362 7
255 363 2 6 7 9 10 11 13 17
530 364 1 7 8 16
469 365 1 4 9 12 13
199 366 2 8 9 10
204 367 2 4 9 12 14 15
676 368 2 4 5 8 9 13 17
541 369 1 2 4 6 8 9 11 12 13 14 16 17
259 370 2 9 11
188 371 1 2 7 8 10 14 16 17
691 372 5 15
743 373 1 2 5 6 7 8 9 10 12 13 14 15
523 374 1 2 3 7 9 11 13 14 15 17
84 375 2 3 9 17
589 376 2 3 4 5 6 8 9 10 11 13 15 17
130 377 9 17
379 378 1 3 4 7 9 11 12 13 14 16 17
985 379 2 3 4 5 7 8 13 15 16
262 380 1 3 4 5 8 10 13 14
597 381 2 4 13 16
941 382 1 2 4 5 6 9 13 14 15
308 383 2 3 6 9 10 13 15 16 17
682 384 2 4 5 6 7 9 11 12
151 385 2 4 5 8 11 14
932 386 1 2 6 14 16 17
123 387 5 6 7 8 11 13 15 16
563 388 2 6 8 9 10 12 13 14 16 17
569 389 1 2 3 4 6 7 10 11 12 14 15
566 390 11
662 391 1 2 5 10 11 13 14 15 16
75 392 1 8 10 11 14 16 17
209 393 2 3 6 7 9 10 12 16
70 394 1 2 3 6 8 9 11 13 14 16
891 395 4 6 8 12
81 396 2 12 15 17
142 397 2 5 8 10 13 15 17
635 398 2 3 5 7 9 10 13 14
581 399 6 16
669 400 1 7 10 11
814 401 2 4 7 8 9 10 11 12 13 15 16
487 402 3 5 7 11 15 17
552 403 1 3 5 6 7 8 10 15 16 17
506 404 2 3 6 9 10 11 12 16 17
69 405 1
824 406 6 10 11
533 407 1 4 5 7 8 10 11 13 17
209 408 1 9 10 11 13 16 17
509 409 2 10 12 13
262 410 2 4 5 10 13 17
580 411 4 7 8 10 11 13 15 17
468 412 2 4 7 9 10 13 16 17
514 413 1 6 8 9 11 12 13 14 17
56 414 1 2 6 8 10 11 16 17
295 415 3 5 6 7 9 11 12 14 15 16 17
146 416 2 4 11 14
717 417 3
73 418 1 3 4 5 10 11 12 14 15
845 419 1 2 5 6 7 8 10 11 13
75 420 5 6 8 9 11 12 13 14 15
970 421 1 2 7 8 9 12 14 15 17
220 422 1 9 11 14 17
164 423 1 3 5 12 16
458 424 2 7 12 15
927 425 2 3 4 6 7 9 12 15
852 426 1 3 5 8 9 13 14 15
668 427 5 13
718 428 1 3 5 8 10 11 12 13 15 17
565 429 1 4 7 8 9 10 11 12 13 15 17
52 430 8
94 431 2 4 8 9 11 13 16 17
670 432 1 2 3 4 5 6 8 9 11 12 15 16 17
748 433 12 16
772 434 16
100 435 6 9 12 16 17
394 436 2 3 7 8 11 12 14 15 17
375 437 1 4 5 6 7 8 12 13 15 16
107 438 7 12
358 439 2 3 4 5 6 8 9 10 13 14 15
930 440 1 2 4 5 6 16 17
647 441 1 2 4 7 9 10 11 14 17
323 442 2 3 5 6 8 9 10 11 13 15 17
395 443 2 4 8 11 15
864 444 6 8 9 10 13 15 16 17
395 445 10
895 446 1 7 8 10
116 447 1 2 3 4 7 9 10 12 13 17
747 448 2 6 11 16
184 449 4 5 6 7 8 9 11 12
294 450 5 9 11
517 451 1 7 8 9 12 16
746 452 1 5 7 13
77 453 2 4 7 9 10 11 13 14 17
774 454 3 4 7 8 12 14 15 17
793 455 8 9 13 17
375 456 1 5 9 12 14 17
131 457 5 11
830 458 3 6 7 8 11 14 16 17
253 459 1 2 4 7 8 9 10 11 12 13
760 460 5 6 7 8 11 12 13 14 17
743 461 1 9 14 15 16
711 462 9 15
362 463 1 5 9 14
534 464 17
361 465 1 3 4 10 12
406 466 2 7 12 14 15 16
247 467 2 3 4 5 7 10 11 12 14 15 17
800 468 1 2 3 6 8 10 11 13 14
375 469 2 7 9 14
579 470 1 2 3 4 5 6 7 8 9 16
338 471 2 3 4 5 8 9 10 11 12 15 17
55 472 1 2 3 5 6 9 13 15 16 17
447 473 12 13
842 474 1 2 4 7 8 10 14 15 17
75 475 1 2 3 4 8 11 12 16 17
341 476 2 5 6 7 8 10 12 13 16
275 477 3 4 5 6 7 10 11 13 14 15 17
937 478 9
456 479 1 3 7 9 12 13 14 15
61 480 1 2 3 4 6 8 10 11 15
169 481 1 2 3 5 7 8 10 15 16 17
740 482 1 3 4 6 8 9 10 11 14
295 483 3 5 6 8 12 14
519 484 2 3 5 8 9 11 12 13 14 15 16
5 485 2 3 8 9 10 13 15 16
107 486 8 14 16 17
976 487 1 2 3 4 5 7 10 11 12 14 15 16
290 488 6
209 489 2 3 4 9 10 11 13 14 15 16
435 490 2 5 6 8 13 15 16 17
376 491 1 2 12 13
574 492 3 8 9 11 13 14 17
816 493 5 7 13
114 494 2 4 5 6 7 9 10 11 14 17
178 495 1 2 3 4 6 7 8 10 11 12 13 15 16
161 496 1 5 8 9 10 11 12 13 15 16
236 497 2 3 4 6 12 16
337 498 3 4 6 7 8 17
696 499 4 8 10
753 500 1 4 5 6 9 12 13
335 501 1 4 6 9 11 13
151 502 3 7 8 12 13
497 503 5 10
689 504 6
732 505 3 10 14 15 17
966 506 1 2 3 6 7 13
222 507 5
150 508 1 2 3 5 6 7 8 9 11 12 13 14 15
719 509 1 16
198 510 7 9 10
802 511 1 2 4 6 8 9 10 11 12 16
509 512 3 5 6 8 9 10 12
461 513 1 2 3 4 5 6 7 12 13 14
486 514 5 10 11 12 16 17
124 515 3 4 7 9 10 11 13 15 17
896 516 1 4 8 11 14
990 517 3 5 8 11
609 518 1 4 7 8 9 11 12 15 17
357 519 2 3 4 6 7 11 13 14 16 17
407 520 3 8 10 11 12 13 15
551 521 2 3 9 10 11 12 13 15 16 17
477 522 5 9 14 15
680 523 1 5 8 9 10 11 15 17
506 524 5 7 10 11 13 16
101 525 4 8 10 15
421 526 1 2 5 6 7 8 13 14 15
636 527 1 5 7 9 11 14 15 16 17
346 528 6 8 9 11 14 15 17
373 529 7 11 16
202 530 3 4 6 10 11 13 14
169 531 2 3 4 6 11 13 14 15 16 17
253 532 1 2 5 7 9 10 11 13 15
691 533 2 3 4 5 11 14
286 534 1 2 5 6 10 11 12 15 16
876 535 1 2 4 5 8 10 11 12 13 14
671 536 1 6 8 9 13 14 15 16
355 537 1 2 4 7 13 14 15
526 538 2 3 5 7 8 10 12
21 539 1 2 3 4 6 9 13 17
978 540 1 5 6 9 10 14 15 16
81 541 2 4 7 10 11 12 14 15 16
754 542 1 7 9 11 15
303 543 2 3 4 5 7 10 12 14 16
577 544 1 10 12
536 545 1 3 5 6 7 8 9 10 12 13 14 15 17
513 546 1 2 3 4 5 6 7 9 10 11 12 13 16 17
812 547 1 3 7 9 10 11 13 14 16 17
847 548 1 4 5 6 9 10 11 13 14 16
304 549 1 2 6 7 11 16
14 550 7 13
551 551 5 7 12 14 15 17
312 552 1 3 5 9 12 15 16
512 553 2 3 4 5 6 10 12 13 14 15 16
560 554 2 4 6 15
744 555 2
485 556 3 4 6 7 9 10 13 14 15 16 17
290 557 6 8 12 14
335 558 1 2 3 4 7 8 10 14 15 16
27 559 1 3 6 8 10 11 12 14 15
508 560 4 7 10 11 12 13 15 16 17
414 561 1 7 8 9 14
631 562 1 2 3 5 7 8 11 12 13 14
859 563 1 3 4 11 12 13 16
768 564 3 5 8
551 565 1 4 5 6 8 10 11 12 13 14 15 16
653 566 2 4 8 9 10 13 16 17
233 567 6 9 17
398 568 2 3 4 5 6 9 10 11 12 13
826 569 3 6 9 11 15 16
493 570 1 3 9 10 12 13 15 16 17
285 571 5 6
447 572 3 5 11
759 573 1 5 6 7 8 10 11 14 17
660 574 3 11 17
729 575 1 4 6 10 13
200 576 1 2 10 11 12 14 15
292 577 10 13
395 578 1 3 4 5 6 7 11 12 14 16
670 579 4
660 580 1 3 5 6 7 8 11 12 15 16 17
914 581 1 2 4 7 16 17
249 582 2 3 4 6 9 10 11 12 15 16 17
339 583 1 2 4 5 6 8 10 11 12 14
376 584 10 17
148 585 9 15
282 586 2 3 4 7 9 12 17
670 587 2 3 7 8 9 14
638 588 3 10 14 16 17
120 589 4 5 7 10 12 13 15 16 17
728 590 1 3 4 6 9 11 13 14 15 17
925 591 1 10 11 12 15 16
403 592 1 5 6 7 9 10 12 14 15 16 17
266 593 2 5 8 10 11 14 16 17
540 594 1 6 8 9 10 11 12 15 17
8 595 3 7 8 9 11 15 16
132 596 1 2 3 5 6 7 8 11 13 15
821 597 1 2 4 5 6 8 9 15 16
166 598 1 2 3 4 5 6 7 9 11 12 13 14 15
954 599 1 4 5 8 11
911 600 14
232 601 3 5
910 602 2 4 6 7 10 12
910 603 2 3 4 8 9 10 11 13 15 17
812 604 5 8 12 13 16 17
313 605 1 6 7 12 17
254 606 3 5 6 7 9 10 15 16
475 607 1 2 4 6 7 8 9 10 11 12 14 16
549 608 1 3 4 6 7 8 9 10 12 14 16
72 609 2 4 6 7 8 9 12 14 15 16
560 610 1 2 3 6 7 8 10 11
29 611 1 7 8 12 15
155 612 2 6 7 8 16
318 613 1 6 7 8 10 11 12
963 614 2 3 4 9 10 11
150 615 1 2 3 4 6 8 9 10 11 12 14 16 17
346 616 4 5 8 11 13 15 17
247 617 4 7 8 12 13 14
590 618 3 4 6 10 12 13 14 15 16 17
914 619 2 4 5 7 9 10 11 13 14
149 620 1 5 10 13 17
30 621 1
970 622 1 4 5 9 12 14 16
443 623 3 7 9 12 13 16
98 624 1 6 14 15 16
642 625 7 13 17
121 626 1 4 8 9 12 15
43 627 2 6 9 10 12 14 16
989 628 17
492 629 14 15 17
680 630 1 3 4 5 6 10 11 12 14 17
799 631 9 11 12 17
89 632 2 5 8 9 10
713 633 17
872 634 5 6 8 9 10 12 14 16
684 635 2 3 8 11 12 13 14 15 16 17
64 636 2 3 5 6 7 11 13 15 17
181 637 1 3 4 6 7 9 10 12 13 14 16
778 638 2 4 5 6 7 8 9 11 16 17
230 639 2 5 6 8 9 10 13 15
555 640 3 5 8 9 10 12 13 15 16 17
307 641 5 7 8 11 13 17
39 642 1 2 3 4 5 6 12 14 16 17
478 643 3 5 10 11 12 14 15 17
850 644 2 3 4 5 6 11 12 13 15
491 645 1 3 4 6 8 10 11 14
640 646 1 6 7 9 10 12 13 15 16
253 647 2 4
563 648 6 10 11 17
746 649 1 3 5 8 9 10 11 12 13 15 16
80 650 1 3 8 9 10 14 15 16 17
987 651 2 8 9 10 14 15 17
133 652 1 2 3 4 6 7 10 12 14 16 17
695 653 3 4 5 6 7 10 12 14 15 17
558 654 6 10
494 655 1 2 3 5 7 8 11 12 13 14 17
783 656 1 2 3 4 5 8 12 14 15 16
766 657 4 9 12 17
575 658 2 6 7 8 9 14 17
691 659 5 6 8 12 13 14 16 17
982 660 1 3 4 5 7 8 9 10 11 17
718 661 1 3 6 7 11 14
887 662 4 5 6 7 9 11 13 14
58 663 8
612 664 1 3 5 6 7 8 11 12 17
162 665 1 3 5 6 10 11 14 16
583 666 1 2 3 4 5 7 8 9 10 11 12 15 17
327 667 2 4 5 9 10 11 12 13 14 17
253 668 4 6 14 16
957 669 1 3 5 6 7 10 15 16 17
984 670 1 3 7 8
915 671 1 5 6 7 8 9 10 12 13 14
52 672 1 2 6 8 9 10 14 16
847 673 1 4 7 8 10 12 13 14 15 17
892 674 2 4 9 11 13 14 15
225 675 8
233 676 3 4 7 9 11
754 677 1 4 6 7 8 11 14 15
51 678 2 4 5 6 9 11 12 15 16 17
38 679 2 7 9 10 12 16 17
825 680 3 4 6 10 11 12 17
889 681 5 9 10 14 16
737 682 4 5 6 8 11 12 13 14 15 16 17
241 683 4 7 9 15
602 684 1 4 6 9 10 11 14 15 16
840 685 10 12
145 686 2 3 4 5 6 7 8 13 15 16 17
88 687 2 4 5 8 16 17
140 688 13 15
831 689 2 3 4 6 8 10 11 13 14 17
891 690 5 14
429 691 1 2 7 10 11
231 692 6 7 12
862 693 14
216 694 3 13 16 17
421 695 1 3 4 10 12
774 696 4 7 15
462 697 3 11
557 698 1 5 6 7 8 11 12 15 16 17
898 699 8 9 13
342 700 9 15 17
222 701 1 3 6 7 8 9 10 12 17
225 702 6 7 8 11 13 15 16 17
284 703 10
966 704 3 4 7 9 14 15 16
848 705 2 3 4 6 7 8 11 13 17
622 706 2 4 7 9 16
497 707 4 6 7 8 11 12 13 14 15 17
966 708 4 6 8 10 11 12 17
189 709 1 7 13 15 17
231 710 1 2 3 4 6 9 10 11 15 16 17
91 711 3 5 9 10 11
781 712 1 3 6 8 9 10 11 12 13 15 16 17
478 713 2 4 5 6 11 12 13 14 16 17
982 714 9 12
536 715 1 7 14
974 716 4 8 11 16 17
743 717 1 6 7 8 9 10 11 12 13 14 15
86 718 11
836 719 1 3 4 5 6 8 10 11 13 16
240 720 9 11 12 15 16 17
64 721 2 3 4 5 6 7 8 9 13 15 17
342 722 1 6 10 14 15 16 17
373 723 7
384 724 8 9 15
444 725 2 7 9 10 12 15 17
615 726 2 3 4 6 8 9 11 14 17
377 727 3 6 10 13 17
536 728 2 9 11 12 13
655 729 12 13 14 15 16 17
240 730 1 4 12 14 17
905 731 1 2 3 4 6 7 8 9 12 16
494 732 5 6 9 15 16 17
801 733 1 2 10 13 17
42 734 1 2 4 6 9 10 12 13 14 15 16 17
107 735 1 2 12
892 736 11 14 17
757 737 1 2 3 4 7 9 11 13
939 738 1 2 5 6 7 8 10 11 13 15 17
809 739 1 5 10 11 12
982 740 1 4 5 6 7 9 12 13 14 16 17
88 741 4 5 11 14
92 742 4 9 10 11 13 17
160 743 2 3 6 7 9 11 12 13 14 15 17
103 744 2 4 5 6 7 13 16 17
285 745 5 6 7 8 9 10 11 12 13 14 16
848 746 3 5 6 7 8 9 13 15 17
624 747 6 7 8 9 10 13 14
645 748 2 3 4 5 6 7 8 9 10 11 13
632 749 1 2 4 5 6 7 8 12 13 14 15 17
297 750 1 3 4 6 12 14 16 17
82 751 1 3 4 6 7 8 11 12 13 14 15
325 752 3 6 9 13 14 15 17
723 753 1 5 6 7 8 9 10 11 12 16 17
998 754 1 7
42 755 2 3 6 9 10 11 12 13 16
434 756 2 7 9 11 12 13 14
189 757 1 3 5 6 9 12 13 14 17
261 758 1 2 4 5 6 7 8 10 12 15
996 759 5
233 760 1 6 9 13 14 16
461 761 1 3 5 7 8 10 11 12 13 16 17
308 762 3 9 11
874 763 1 4 5 6 7 8 9 12 15 17
318 764 3 10 11 12 13 15 17
758 765 2 5 9 10 11 13 14
187 766 3 5 12
595 767 2 3 4 6 8 10 11 13 14 15 16
913 768 1 5 8 10 13 14 15
723 769 1 3 4 7 9 10 11 14 15 16
812 770 10 17
989 771 1 2 5 7 8 10 11 12
387 772 1 4 5 7 16
70 773 2 4 5 6 8 13 14
777 774 2 3 5 6 8 12 13 15 16
576 775 1 3 8 16
209 776 5 9 12 13 15 17
986 777 1 12 15
158 778 1 3 6 7 8 9 11 12 13 14 15
387 779 1 12
250 780 16 17
415 781 2 7 9 16 17
326 782 1 4 6 7 9 12 15 16 17
373 783 1 3 4 6 11 14 15 16
524 784 2 3 4 5 6 8 9 11 12 13 15
398 785 2 6 8 9 12 13 14 17
488 786 6
34 787 3 6 7 13 14
921 788 2 4 6 15
416 789 5 13 15 17
73 790 1 2 3 4 5 6 7 10 14 15 16
739 791 1 4 7 8 10 12 13 17
719 792 5 9 13 15 16
761 793 1 4 5 7 13
505 794 3 14 15
264 795 5 6 9 10 15 17
331 796 1 2 3 5 6 8 9 12 13 14 17
1 797 7 9 11 13
930 798 7 10 12
741 799 9
212 800 16 17
130 801 8 13 17
956 802 2 5 6 7 8 10 12 15 17
660 803 4 12 17
351 804 2 5 7 10 15 16 17
355 805 3 6 9 10 11 12 13 15 16 17
358 806 2 11 15
906 807 4 14 15 17
664 808 6 10 13 16 17
840 809 17
339 810 2 6 9 10 13 16
802 811 1 2 7 8 9 12 14
89 812 2 7 8 10 11 12 16 17
70 813 1 4 9 10 12 16 17
5 814 4 5 7 9 10 13 15 17
931 815 3 4 11 13 16
987 816 1 2 3 8 9 10 11 12 17
212 817 2 4 5 9 12
712 818 3 5 6 7 9 10 11 12 13 16
501 819 15
714 820 1 3 4 6 10 12 13 14 16 17
90 821 3 5 9 10 11 12 13 15 17
548 822 1 3 8 10 12 16
44 823 4 7 9 11 12 13
167 824 1 13
665 825 1 3 4 9 10 12 15 16
69 826 6 11
713 827 1 4 8 10 11 13 15 17
604 828 7 11 14 16
433 829 1 6 9 13
343 830 10 15
398 831 1 6 9 10 11 12 15
134 832 15
312 833 1 6 7 12 15 16
878 834 1 2 3 6 8 9 10 12 14 15 16 17
681 835 5 6 9 10 11 14
347 836 4 6 8 12 13 14 15 17
957 837 4 7 8 14
891 838 1 5 6 8 10 12 15 16 17
784 839 2 3 4 5 10 11 13 17
281 840 7 11 14 16
631 841 1 2 3 5 9 12
97 842 1 2 3 11 15 17
68 843 2 3 13
312 844 1 3 4 7 9 10 13 14 15 16 17
784 845 7 17
565 846 2 5 12 17
371 847 1 2 3 10 11 12 13 14 15 16
894 848 1 2 11
247 849 2 4 6 10 11 12 14 16 17
930 850 2
982 851 3 6 8 12 15
849 852 2 3 7 13 16 17
605 853 1 3 5 9 11 14 17
236 854 15
109 855 6 7 9 11
753 856 1
332 857 1 2 3 4 5 6 7 12 13 17
302 858 2 4 5 8 9 15 17
182 859 3 5 6 9 11 12 13 15 16
58 860 1 2 4 6 9 10 14 16 17
315 861 7 10 11
97 862 1 2 4 5 6 8 9 13 14 17
484 863 1 4 5 6 7 11 12 15 16
158 864 1 2 3 5 6 7 10 11 14
374 865 2 4 6 8 11 13 14 16 17
146 866 2 3 7 8 9 10 11 13 16
505 867 10 11
892 868 2 4 8 11 12 17
931 869 1 5 7 9 12 15 17
897 870 1 3 5 9 10 15 16
95 871 3 6 7 9 10 11 15 16 17
601 872 1 2 4 6 7 8 12 13 14 17
68 873 2 3 7 8 10 11 12 14
309 874 1 15
788 875 1 3 5 7 9 12 13
723 876 7 14
618 877 1 3 5 6 7 9 11 12 14 15 17
61 878 1 2 3 8 14 15 16
719 879 1 4 12
93 880 1 4 8 13 15 16
286 881 4 5 6 7 8 9 10 11 16
386 882 1 3 6 8 14 15 16 17
832 883 1 7 12 14 16
645 884 1 2 3 5 6 8 9 12 17
727 885 2 4 10 12 14
410 886 1 2 5 7 8 9 10 12 16 17
465 887 2 4 6 15 17
967 888 3 9 11 15
467 889 1 4 5 7 8 9 10 12 13 14 16 17
983 890 3 6 7 9 10 11 12 13 14 15 16
142 891 1 9 10 12 14
172 892 2
218 893 5 6 8 11 13 15 17
373 894 15
456 895 2 7 9 12 13 16
348 896 2 5 6 10
858 897 16
297 898 1 2 4 14 16
803 899 1 3 4 7 9 10 11 12 15 16 17
867 900 3 4 7 10 12 13 14 16
879 901 1 2 6 7 8 11 14 15
822 902 13 14
812 903 1 9 12 13 14 17
707 904 1 3 4 7 8 9 12 13 14 15 16
62 905 4 10 11 13 15 17
3 906 1 3 4 5 7 8 9 11 15 16
606 907 1 2 3 5 7 8 9 10 11 13 15 16 17
65 908 2 4 6 7 8 9 10 11 15 17
538 909 1 2 3 7 8 9 10 11 12 13 16 17
905 910 5 12 13 17
99 911 1 2 6 7 10 14 17
859 912 2 3 7 8 9 11 12 14 15 16 17
819 913 4 7 8
30 914 2 3 6 8 9 10 12 13 16 17
153 915 1 2 3 4 7 9 10 12 13 14 15
837 916 2 4 5 7 9 11 14 15 16
685 917 2 3 4 5 7 8 9 10 13 14 17
81 918 1 2 3 5 6 8 9 11 14 15
402 919 3 10 11 14 16
73 920 8 17
695 921 2 3 5 7 11 12 14
123 922 2 3 4 8
279 923 1 4 9 10 12 14 15
254 924 1 3 6 8 13 16 17
636 925 1 4 5 6 8 10 11 12 14 16
334 926 4 8
316 927 3 6 7 10 12 14 16
764 928 4 7 9 10 11 14
215 929 7 8 13
532 930 1 2 3 4 5 6 10 13 14 16
791 931 1 2 5 7 8 10 11 14 15
440 932 1 2 3 4 5 9 12 13 17
154 933 9 14
983 934 1 8 11 13 15
510 935 4 8 14
920 936 3 6 7 10 16 17
637 937 1 7 11 14
80 938 2
777 939 3 4 6 7 8 10 12 13 14 16
817 940 1 5 8 10 11 15
374 941 2 3 5 8 9 10 11 13 14 15 17
873 942 14 17
166 943 6 7 8 12 13 14 15 16 17
261 944 2 4 5 7 8 11 12 14 15 16
313 945 2 7 15
839 946 2 3 5 7 9 10 11 12 13 16
880 947 1 2 4 8 9 10 11 12 14 15
872 948 2 4 7 15 16
747 949 2 4 8
515 950 1 2 4 6 8 9 11 13 14 16 17
449 951 4 5 9 12 13 15 16
531 952 2 4 7 9 10 11 13 16 17
67 953 5 6 9 11 12
341 954 3 5 6 8 10 11 12 13 14 15 16 17
625 955 8 10 12 14 15
834 956 4 12
343 957 1 2 3 4 5 6 12 17
901 958 1 2 3 5 9 13 15
968 959 1 2 4 5 6 8 9 11 12 13
583 960 7 8 17
503 961 1 2 3 6 9 10 11 12 15 16 17
444 962 1 6 7 8 9 12 13 14 15
910 963 4 6 7 9 11 14 16 17
603 964 5 7 8 10 16 17
708 965 3 4 5 6 9 10 11 13 15
113 966 1 2 5 8 10 11 12 13 16 17
20 967 1 4 5 8 10 13 16
101 968 2 5 6 7 13
964 969 1 4 9 14 17
438 970 1 4 5 9 11 12 13 17
762 971 2 4 5 9 10 14
290 972 2 4 5 6 8 13 14
325 973 1 2 7 8 15 16 17
718 974 3 6 7 13 15
203 975 8 11 13 17
755 976 2 6 10 11 12 13 14 16
658 977 14 16
563 978 5 9
52 979 8 17
67 980 3 4 5 7 9 11 12 17
359 981 2 4 5 6 8 11 13 16 17
729 982 3 4 5 9 10 12 13 14 17
766 983 4
589 984 1 2 8 12 17
43 985 3 4 5 6 7 9 11 15 16 17
502 986 2 3 10 11
213 987 11 13 17
172 988 1 10 17
993 989 1
662 990 1 6 12 13 17
236 991 7 12 15 16
716 992 1 2 4 5 6 9 10 12
79 993 2 4 6 7 12 15 16
470 994 4 8 11 16 17
630 995 4 6 8 10
724 996 2 3 5 9 10 11 16
285 997 1 2 5 8 9 11 12 13 15 17
208 998 2 3 9 10 11 13 16
818 999 2 5 6
167 1000 2 3 4 5 9 13 15 17
